Classification report for classifier SVC(gamma=0.001):
              precision    recall  f1-score   support

           0       1.00      0.98      0.99        59
           1       0.96      1.00      0.98        49
           2       1.00      0.98      0.99        49
           3       1.00      1.00      1.00        64
           4       0.98      1.00      0.99        61
           5       0.96      0.98      0.97        47
           6       1.00      1.00      1.00        51
           7       0.97      0.98      0.97        57
           8       1.00      0.96      0.98        46
           9       0.96      0.95      0.96        57

    accuracy                           0.98       540
   macro avg       0.98      0.98      0.98       540
weighted avg       0.98      0.98      0.98       540


Confusion matrix:
[[58  0  0  0  1  0  0  0  0  0]
 [ 0 49  0  0  0  0  0  0  0  0]
 [ 0  0 48  0  0  0  0  1  0  0]
 [ 0  0  0 64  0  0  0  0  0  0]
 [ 0  0  0  0 61  0  0  0  0  0]
 [ 0  0  0  0  0 46  0  0  0  1]
 [ 0  0  0  0  0  0 51  0  0  0]
 [ 0  0  0  0  0  0  0 56  0  1]
 [ 0  2  0  0  0  0  0  0 44  0]
 [ 0  0  0  0  0  2  0  1  0 54]]
Classification report rebuilt from confusion matrix:
              precision    recall  f1-score   support

           0       1.00      0.98      0.99        59
           1       0.96      1.00      0.98        49
           2       1.00      0.98      0.99        49
           3       1.00      1.00      1.00        64
           4       0.98      1.00      0.99        61
           5       0.96      0.98      0.97        47
           6       1.00      1.00      1.00        51
           7       0.97      0.98      0.97        57
           8       1.00      0.96      0.98        46
           9       0.96      0.95      0.96        57

    accuracy                           0.98       540
   macro avg       0.98      0.98      0.98       540
weighted avg       0.98      0.98      0.98       540


